====== Ar (10) into Layer 1                     =======
        SRIM-2013.00
==========================================
    Ion and Target VACANCY production     
  See SRIM Outputs\TDATA.txt for calc. details
==========================================
--------------------------------------------------------------------
    Recoil/Damage Calculations made with Kinchin-Pease Estimates    
--------------------------------------------------------------------
 See file :  SRIM Outputs\TDATA.txt for calculation data
 Ion    = Ar   Energy = 400 keV
============= TARGET MATERIAL ======================================
Layer  1 : Layer 1
Layer Width =     5.E+03 A ;
  Layer # 1- Density = 6.406E22 atoms/cm3 = 10.20 g/cm3
  Layer # 1- Mo = 100  Atomic Percent = 100  Mass Percent
====================================================================
 Total Ions calculated =31746.59
 Total Target Vacancies     = 2325 /Ion

==========================================================
  Table Units are  >>>> Vacancies/(Angstrom-Ion)  <<<<  
==========================================================
   TARGET     VACANCIES     VACANCIES 
   DEPTH         by            by     
   (Ang.)       IONS         RECOILS  
-----------  -----------  ------------
500100.E-04  2833.49E-05  6948.57E-04  
100010.E-03  3509.11E-05  8311.38E-04  
150010.E-03  3612.03E-05  8547.58E-04  
200010.E-03  3842.33E-05  9277.97E-04  
250010.E-03  3984.47E-05  9200.05E-04  
300010.E-03  4098.35E-05  9485.24E-04  
350010.E-03  4281.48E-05  9675.23E-04  
400010.E-03  4407.92E-05  9984.30E-04  
450010.E-03  4512.60E-05  9851.49E-04  
500010.E-03  4708.34E-05  1025.50E-03  
550010.E-03  4891.40E-05  1064.77E-03  
600010.E-03  5029.50E-05  1085.38E-03  
650010.E-03  5185.58E-05  1115.65E-03  
700010.E-03  5412.66E-05  1168.19E-03  
750010.E-03  5668.05E-05  1193.53E-03  
800010.E-03  5812.15E-05  1204.14E-03  
850010.E-03  5978.06E-05  1235.86E-03  
900010.E-03  6091.44E-05  1241.00E-03  
950010.E-03  6165.72E-05  1222.53E-03  
100001.E-02  6235.72E-05  1233.79E-03  
105001.E-02  6253.25E-05  1249.81E-03  
110001.E-02  6422.82E-05  1263.69E-03  
115001.E-02  6468.10E-05  1250.59E-03  
120001.E-02  6500.01E-05  1217.38E-03  
125001.E-02  6617.62E-05  1237.02E-03  
130001.E-02  6671.34E-05  1224.49E-03  
135001.E-02  6503.29E-05  1175.23E-03  
140001.E-02  6630.10E-05  1198.98E-03  
145001.E-02  6660.94E-05  1161.51E-03  
150001.E-02  6423.20E-05  1119.32E-03  
155001.E-02  6228.47E-05  1086.17E-03  
160001.E-02  5982.09E-05  9846.96E-04  
165001.E-02  5760.69E-05  9400.38E-04  
170001.E-02  5641.69E-05  9060.85E-04  
175001.E-02  5335.16E-05  8391.18E-04  
180001.E-02  5075.98E-05  7773.62E-04  
185001.E-02  4720.63E-05  7094.54E-04  
190001.E-02  4547.15E-05  6856.18E-04  
195001.E-02  4256.51E-05  6155.36E-04  
200001.E-02  3913.78E-05  5622.89E-04  
205001.E-02  3490.07E-05  4683.70E-04  
210001.E-02  3181.39E-05  4286.39E-04  
215001.E-02  2846.54E-05  3791.89E-04  
220001.E-02  2487.92E-05  3156.71E-04  
225001.E-02  2212.47E-05  2742.71E-04  
230001.E-02  1858.13E-05  2350.63E-04  
235001.E-02  1592.49E-05  1894.48E-04  
240001.E-02  1386.41E-05  1630.20E-04  
245001.E-02  1177.24E-05  1278.20E-04  
250001.E-02  9709.68E-06  1063.93E-04  
255001.E-02  7818.67E-06  8356.89E-05  
260001.E-02  6235.17E-06  6603.12E-05  
265001.E-02  4797.23E-06  4947.04E-05  
270001.E-02  3658.11E-06  3502.07E-05  
275001.E-02  2786.98E-06  2711.09E-05  
280001.E-02  2128.75E-06  2001.45E-05  
285001.E-02  1479.87E-06  1190.25E-05  
290001.E-02  9840.59E-07  8276.31E-06  
295001.E-02  8423.08E-07  7308.11E-06  
300001.E-02  4668.27E-07  3636.05E-06  
305001.E-02  3376.76E-07  2524.40E-06  
310001.E-02  3074.36E-07  3131.81E-06  
315001.E-02  1543.47E-07  1087.42E-06  
320001.E-02  1014.28E-07  7500.78E-07  
325001.E-02  7874.86E-08  7716.11E-07  
330001.E-02  4409.92E-09  2814.36E-09  
335001.E-02  1133.98E-08  2648.94E-08  
340001.E-02  0000.00E+00  0000.00E+00  
345001.E-02  0000.00E+00  0000.00E+00  
350001.E-02  0000.00E+00  0000.00E+00  
355001.E-02  0000.00E+00  0000.00E+00  
360001.E-02  0000.00E+00  0000.00E+00  
365001.E-02  0000.00E+00  0000.00E+00  
370001.E-02  0000.00E+00  0000.00E+00  
375001.E-02  0000.00E+00  0000.00E+00  
380001.E-02  0000.00E+00  0000.00E+00  
385001.E-02  0000.00E+00  0000.00E+00  
390001.E-02  0000.00E+00  0000.00E+00  
395001.E-02  0000.00E+00  0000.00E+00  
400001.E-02  0000.00E+00  0000.00E+00  
405001.E-02  0000.00E+00  0000.00E+00  
410001.E-02  0000.00E+00  0000.00E+00  
415001.E-02  0000.00E+00  0000.00E+00  
420001.E-02  0000.00E+00  0000.00E+00  
425001.E-02  0000.00E+00  0000.00E+00  
430001.E-02  0000.00E+00  0000.00E+00  
435001.E-02  0000.00E+00  0000.00E+00  
440001.E-02  0000.00E+00  0000.00E+00  
445001.E-02  0000.00E+00  0000.00E+00  
450001.E-02  0000.00E+00  0000.00E+00  
455001.E-02  0000.00E+00  0000.00E+00  
460001.E-02  0000.00E+00  0000.00E+00  
465001.E-02  0000.00E+00  0000.00E+00  
470001.E-02  0000.00E+00  0000.00E+00  
475001.E-02  0000.00E+00  0000.00E+00  
480001.E-02  0000.00E+00  0000.00E+00  
485001.E-02  0000.00E+00  0000.00E+00  
490001.E-02  0000.00E+00  0000.00E+00  
495001.E-02  0000.00E+00  0000.00E+00  
500001.E-02  0000.00E+00  0000.00E+00  

 To convert to Energy Lost - multiply by Average Binding Energy =  3  eV/Vacancy
